/*
 *  This file is part of libstego.
 *
 *  libstego is free software: you can redistribute it and/or modify
 *  it under the terms of the GNU General Public License as published by
 *  the Free Software Foundation, either version 2 of the License, or
 *  (at your option) any later version.
 *
 *  libstego is distributed in the hope that it will be useful,
 *  but WITHOUT ANY WARRANTY; without even the implied warranty of
 *  MERCHANTABILITY or FITNESS FOR A PARTICULAR PURPOSE.  See the
 *  GNU General Public License for more details.
 *
 *  You should have received a copy of the GNU General Public License
 *  along with libstego.  If not, see <http://www.gnu.org/licenses/>.
 */

/*
 *  Copyright 2008 2009 by Jan C. Busch, René Frerichs, Lars Herrmann,
 *  Matthias Kloppenborg, Marko Krause, Christian Kuka, Sebastian Schnell,
 *  Ralf Treu.
 *
 *  For more info visit <http://parsys.informatik.uni-oldenburg.de/~stego/>
 */
 
 
 
/*
 * (c) 2008 Christian Kuka
 * Alle Rechte vorbehalten
 * 
 */

#ifndef __PQ_QUANT_H__
#define __PQ_QUANT_H__

#include <libstego/types.h>


// Luminance
static uint8_t pg_lum_quant[13][64] = {{
// PS 12 98.1053
1,	1,	1,	1,	1,	1,	1,	2,
1,	1,	1,	1,	1,	1,	1,	2,
1,	1,	1,	1,	1,	1,	2,	2,
1,	1,	1,	1,	1,	2,	2,	3,
1,	1,	1,	1,	2,	2,	3,	3,
1,	1,	1,	2,	2,	3,	3,	3,
1,	1,	2,	2,	3,	3,	3,	3,
2,	2,	2,	3,	3,	3,	3,	3
},{
// PS 11 95.479
1,	1,	1,	2,	3,	3,	4,	5,
1,	1,	1,	2,	3,	4,	4,	6,
1,	1,	2,	3,	4,	4,	5,	7,
2,	2,	3,	4,	4,	5,	7,	8,
3,	3,	4,	4,	5,	7,	8,	8,
3,	4,	4,	5,	7,	8,	8,	8,
4,	4,	5,	7,	8,	8,	8,	8,
5,	6,	7,	8,	8,	8,	8,	8
},{
// PS 10 91.6431
2,	2,	3,	4,	5,	6,	8,	11,
2,	2,	2,	4,	5,	7,	9,	11,
3,	2,	3,	5,	7,	9,	11,	12,
4,	4,	5,	7,	9,	11,	12,	12,
5,	5,	7,	9,	11,	12,	12,	12,
6,	7,	9,	11,	12,	12,	12,	12,
8,	9,	11,	12,	12,	12,	12,	12,
11,	11,	12,	12,	12,	12,	12,	12
},{
// PS 9 88.0366
4,	3,	4,	7,	9,	11,	14,	17,
3,	3,	4,	7,	9,	12,	12,	12,
4,	4,	5,	9,	12,	12,	12,	12,
7,	7,	9,	12,	12,	12,	12,	12,
9,	9,	12,	12,	12,	12,	12,	12,
11,	12,	12,	12,	12,	12,	12,	12,
14,	12,	12,	12,	12,	12,	12,	12,
17,	12,	12,	12,	12,	12,	12,	12
},{
// PS 8 83.8787
6,	4,	7,	11,	14,	17,	22,	17,
4,	5,	6,	10,	14,	19,	12,	12,
7,	6,	8,	14,	19,	12,	12,	12,
11,	10,	14,	19,	12,	12,	12,	12,
14,	14,	19,	12,	12,	12,	12,	12,
17,	19,	12,	12,	12,	12,	12,	12,
22,	12,	12,	12,	12,	12,	12,	12,
17,	12,	12,	12,	12,	12,	12,	12
},{
// PS 7 77.3938
10,	7,	11,	18,	22,	27,	34,	17,
7,	8,	10,	17,	23,	23,	12,	12,
11,	10,	14,	22,	23,	12,	12,	12,
18,	17,	22,	23,	12,	12,	12,	12,
22,	23,	23,	12,	12,	12,	12,	12,
27,	23,	12,	12,	12,	12,	12,	12,
34,	12,	12,	12,	12,	12,	12,	12,
17,	12,	12,	12,	12,	12,	12,	12
},{
// PS 6 80.7187
8,	6,	9,	14,	17,	21,	28,	17,
6,	6,	8,	13,	18,	23,	12,	12,
9,	8,	11,	17,	23,	12,	12,	12,
14,	13,	17,	23,	12,	12,	12,	12,
17,	18,	23,	12,	12,	12,	12,	12,
21,	23,	12,	12,	12,	12,	12,	12,
28,	12,	12,	12,	12,	12,	12,	12,
17,	12,	12,	12,	12,	12,	12,	12
},{
// PS 5 74.8237
12,	8,	13,	21,	26,	32,	34,	17,
8,	9,	12,	20,	27,	23,	12,	12,
13,	12,	16,	26,	23,	12,	12,	12,
21,	20,	26,	23,	12,	12,	12,	12,
26,	27,	23,	12,	12,	12,	12,	12,
32,	23,	12,	12,	12,	12,	12,	12,
34,	12,	12,	12,	12,	12,	12,	12,
17,	12,	12,	12,	12,	12,	12,	12
},{
// PS 4 70.4571
16,	11,	17,	27,	34,	39,	34,	17,
11,	12,	16,	26,	28,	23,	12,	12,
17,	16,	21,	28,	23,	12,	12,	12,
27,	26,	28,	23,	12,	12,	12,	12,
34,	28,	23,	12,	12,	12,	12,	12,
39,	23,	12,	12,	12,	12,	12,	12,
34,	12,	12,	12,	12,	12,	12,	12,
17,	12,	12,	12,	12,	12,	12,	12
},{
// PS 3 65.8554
18,	14,	22,	35,	44,	39,	34,	17,
14,	16,	21,	34,	28,	23,	12,	12,
22,	21,	27,	28,	23,	12,	12,	12,
35,	34,	28,	23,	12,	12,	12,	12,
44,	28,	23,	12,	12,	12,	12,	12,
39,	23,	12,	12,	12,	12,	12,	12,
34,	12,	12,	12,	12,	12,	12,	12,
17,	12,	12,	12,	12,	12,	12,	12
},{
// PS 2 62.4967
20,	17,	26,	41,	51,	39,	34,	17,
17,	18,	24,	39,	28,	23,	12,	12,
26,	24,	32,	28,	23,	12,	12,	12,
41,	39,	28,	23,	12,	12,	12,	12,
51,	28,	23,	12,	12,	12,	12,	12,
39,	23,	12,	12,	12,	12,	12,	12,
34,	12,	12,	12,	12,	12,	12,	12,
17,	12,	12,	12,	12,	12,	12,	12
},{
// PS 1 51.5026
27,	26,	41,	65,	66,	39,	34,	17,
26,	29,	38,	47,	28,	23,	12,	12,
41,	38,	47,	28,	23,	12,	12,	12,
65,	47,	28,	23,	12,	12,	12,	12,
66,	28,	23,	12,	12,	12,	12,	12,
39,	23,	12,	12,	12,	12,	12,	12,
34,	12,	12,	12,	12,	12,	12,	12,
17,	12,	12,	12,	12,	12,	12,	12
},{
// PS 0 46.0214
32,	33,	51,	81,	66,	39,	34,	17,
33,	36,	48,	47,	28,	23,	12,	12,
51,	48,	47,	28,	23,	12,	12,	12,
81,	47,	28,	23,	12,	12,	12,	12,
66,	28,	23,	12,	12,	12,	12,	12,
39,	23,	12,	12,	12,	12,	12,	12,
34,	12,	12,	12,	12,	12,	12,	12,
17,	12,	12,	12,	12,	12,	12,	12
}};


// Chrominance
static uint8_t pg_chrom_quant[13][64] = {{
// PS 12
1,	1,	1,	2,	3,	3,	3,	3,
1,	1,	1,	2,	3,	3,	3,	3,
1,	1,	2,	3,	3,	3,	3,	3,
2,	2,	3,	3,	3,	3,	3,	3,
3,	3,	3,	3,	3,	3,	3,	3,
3,	3,	3,	3,	3,	3,	3,	3,
3,	3,	3,	3,	3,	3,	3,	3,
3,	3,	3,	3,	3,	3,	3,	3
},{
// PS 11
1,	2,	4,	7,	8,	8,	8,	8,
2,	2,	4,	7,	8,	8,	8,	8,
4,	4,	7,	8,	8,	8,	8,	8,
7,	7,	8,	8,	8,	8,	8,	8,
8,	8,	8,	8,	8,	8,	8,	8,
8,	8,	8,	8,	8,	8,	8,	8,
8,	8,	8,	8,	8,	8,	8,	8,
8,	8,	8,	8,	8,	8,	8,	8
},{
// PS 10
3,	3,	7,	13,	15,	15,	15,	15,
3,	4,	7,	13,	14,	12,	12,	12,
7,	7,	13,	14,	12,	12,	12,	12,
13,	13,	14,	12,	12,	12,	12,	12,
15,	14,	12,	12,	12,	12,	12,	12,
15,	12,	12,	12,	12,	12,	12,	12,
15,	12,	12,	12,	12,	12,	12,	12,
15,	12,	12,	12,	12,	12,	12,	12
},{
// PS 9
4,	6,	12,	22,	20,	20,	17,	17,
6,	8,	12,	14,	14,	12,	12,	12,
12,	12,	14,	14,	12,	12,	12,	12,
22,	14,	14,	12,	12,	12,	12,	12,
20,	14,	12,	12,	12,	12,	12,	12,
20,	12,	12,	12,	12,	12,	12,	12,
17,	12,	12,	12,	12,	12,	12,	12,
17,	12,	12,	12,	12,	12,	12,	12
},{
// PS 8
7,	9,	19,	34,	20,	20,	17,	17,
9,	12,	19,	14,	14,	12,	12,	12,
19,	19,	14,	14,	12,	12,	12,	12,
34,	14,	14,	12,	12,	12,	12,	12,
20,	14,	12,	12,	12,	12,	12,	12,
20,	12,	12,	12,	12,	12,	12,	12,
17,	12,	12,	12,	12,	12,	12,	12,
17,	12,	12,	12,	12,	12,	12,	12
},{
// PS 7
11,	14,	31,	34,	20,	20,	17,	17,
14,	19,	24,	14,	14,	12,	12,	12,
31,	24,	14,	14,	12,	12,	12,	12,
34,	14,	14,	12,	12,	12,	12,	12,
20,	14,	12,	12,	12,	12,	12,	12,
20,	12,	12,	12,	12,	12,	12,	12,
17,	12,	12,	12,	12,	12,	12,	12,
17,	12,	12,	12,	12,	12,	12,	12
},{
// PS 6
9,	9,	11,	18,	20,	20,	17,	17,
9,	10,	11,	14,	14,	12,	12,	12,
11,	11,	14,	14,	12,	12,	12,	12,
18,	14,	14,	12,	12,	12,	12,	12,
20,	14,	12,	12,	12,	12,	12,	12,
20,	12,	12,	12,	12,	12,	12,	12,
17,	12,	12,	12,	12,	12,	12,	12,
17,	12,	12,	12,	12,	12,	12,	12
},{
// PS 5
13,	13,	17,	27,	20,	20,	17,	17,
13,	14,	17,	14,	14,	12,	12,	12,
17,	17,	14,	14,	12,	12,	12,	12,
27,	14,	14,	12,	12,	12,	12,	12,
20,	14,	12,	12,	12,	12,	12,	12,
20,	12,	12,	12,	12,	12,	12,	12,
17,	12,	12,	12,	12,	12,	12,	12,
17,	12,	12,	12,	12,	12,	12,	12
},{
// PS 4
17,	17,	22,	34,	20,	20,	17,	17,
17,	19,	22,	14,	14,	12,	12,	12,
22,	22,	14,	14,	12,	12,	12,	12,
34,	14,	14,	12,	12,	12,	12,	12,
20,	14,	12,	12,	12,	12,	12,	12,
20,	12,	12,	12,	12,	12,	12,	12,
17,	12,	12,	12,	12,	12,	12,	12,
17,	12,	12,	12,	12,	12,	12,	12
},{
// PS 3
20,	22,	29,	34,	20,	20,	17,	17,
22,	25,	24,	14,	14,	12,	12,	12,
29,	24,	14,	14,	12,	12,	12,	12,
34,	14,	14,	12,	12,	12,	12,	12,
20,	14,	12,	12,	12,	12,	12,	12,
20,	12,	12,	12,	12,	12,	12,	12,
17,	12,	12,	12,	12,	12,	12,	12,
17,	12,	12,	12,	12,	12,	12,	12
},{
// PS 2
21,	26,	33,	34,	20,	20,	17,	17,
26,	29,	24,	14,	14,	12,	12,	12,
33,	24,	14,	14,	12,	12,	12,	12,
34,	14,	14,	12,	12,	12,	12,	12,
20,	14,	12,	12,	12,	12,	12,	12,
20,	12,	12,	12,	12,	12,	12,	12,
17,	12,	12,	12,	12,	12,	12,	12,
17,	12,	12,	12,	12,	12,	12,	12
},{
// PS 1
29,	41,	52,	34,	20,	20,	17,	17,
41,	38,	24,	14,	14,	12,	12,	12,
52,	24,	14,	14,	12,	12,	12,	12,
34,	14,	14,	12,	12,	12,	12,	12,
20,	14,	12,	12,	12,	12,	12,	12,
20,	12,	12,	12,	12,	12,	12,	12,
17,	12,	12,	12,	12,	12,	12,	12,
17,	12,	12,	12,	12,	12,	12,	12
},{
// PS 0
34,	51,	52,	34,	20,	20,	17,	17,
51,	38,	24,	14,	14,	12,	12,	12,
52,	24,	14,	14,	12,	12,	12,	12,
34,	14,	14,	12,	12,	12,	12,	12,
20,	14,	12,	12,	12,	12,	12,	12,
20,	12,	12,	12,	12,	12,	12,	12,
17,	12,	12,	12,	12,	12,	12,	12,
17,	12,	12,	12,	12,	12,	12,	12
}};

#endif // __PQ_QUANT_H__
